1	2	3	4	5	6	7	8	9	10	11	12	13	14	15	16	17	18	19	20	21	22	23	24	25
A	0	33483	130	35228	199	0	247	34731	193	21266	29319	321	306	219	161	208	394	372	197	42930	303	46052	7578	37561	3515
C	527	39745	62822	4	10	367	3	322	46177	36063	42167	1	51358	38202	23497	4	390	419	231	304	3	383	406	323	423099
D	4822	45607	4	80928	4	46514	564	279	280	123	46965	496	483	25980	113	0	40193	38124	127	0	546	345	227	115	727
E	234	519	243	0	182	408	35726	6	2	1	446	33986	3	223	0	165	606	560	3	75505	36161	10	4	274	534
F	130	498	598	5	382	503	7	503	434	48128	455	3	524	50429	0	761	520	645	50576	443	10	522	447	17	1062
G	71095	0	38825	37827	289	50365	325	230	37779	38	0	343	50977	209	114	224	410	365	175	40198	348	359	427	655	52419
H	0	296	2	475	1	285	569	315	340	187	330	69517	54089	26104	124	58	39324	0	44	26929	71665	433	1429	12662	130
I	15	354	1	366	109918	631	28698	51252	44146	175	396	5	358	167	20900	1022	38137	421	0	691	12	56463	53545	1615	84
K	1	9	210	46907	25625	2	0	356	455	3	3	38416	3	360	3	138	81980	591	396	995	35642	642	736	42093	382
L	9	263	41112	731	85581	301	802	356	318	755	285	46314	44862	1026	113014	0	413	51925	26589	268	45855	475	454	1234	57305
M	1	1	157	9	0	4	204	239	167	2	0	349	1	0	185	41477	422	4	44254	4	407	433	404	49234	2361
N	1	427	1	778	427	465	80124	39733	49257	143	551	440	424	21425	99	2	0	37475	19008	64644	512	48379	45701	2844	43
P	10048	204	143	219	247	30480	214	38294	168	25965	155	40599	31208	225	156	29139	439	41034	238	265	33863	48245	47385	39509	361
Q	0	2	248	30423	196	1	33548	1	3	2	2	0	459	414	1	21637	626	79414	1	402	0	4	87	1071	1545
R	3	29726	56296	510	31424	232	31577	693	87642	218	33553	39647	0	230	88	26246	1002	29720	518	240	39399	1081	1123	69921	57969
S	9142	44154	29003	335	566	46059	909	89462	0	0	55569	463	40620	40296	30205	336	40934	758	19666	998	312	95582	104099	53736	45091
T	10690	296	129	279	28378	50603	30247	0	27406	19262	290	326	255	190	146	204	45758	386	26145	638	291	0	0	0	210
V	50567	3169	293	44881	39022	63298	41	353	286	176	43921	398	446	228	23908	38935	283	390	35883	51306	371	434	327	684	41308
W	3	2293	0	2	256	4	3	0	232	213	199	405	182	266	239	306	4	1	1	7	321	5	1	798	0
Y	0	427	616	643	2	312	689	352	469	38034	429	698	540	0	19787	3	45382	53813	178	42262	522	364	334	134	2497
*	0	0	0	0	0	0	0	0	0	0	0	0	0	0	0	0	0	0	0	0	0	0	0	0	178823
